1961 5152
1 2 59
1 25 125
2 3 70
2 1 59
3 2 70
3 26 -100
3 4 70
4 3 70
4 5 70
5 6 70
5 27 125
5 4 70
6 5 70
6 7 70
7 8 70
7 6 70
7 28 125
8 9 70
8 7 70
9 8 70
9 10 70
9 29 125
10 11 70
10 9 70
11 30 125
11 10 70
11 12 70
12 13 70
12 11 70
13 14 73
13 12 70
13 31 125
14 13 73
14 15 73
15 32 125
15 14 73
15 16 73
16 15 73
16 17 73
17 18 188
17 16 73
17 22 63
18 17 188
18 19 188
19 20 257
19 18 188
19 23 63
20 19 257
20 21 257
21 24 94
21 20 257
21 63 250
22 17 63
22 33 63
23 35 63
23 19 63
24 21 94
24 37 94
25 47 125
25 1 125
26 49 125
27 51 125
27 5 125
28 53 125
28 7 125
29 9 125
29 55 125
30 11 125
30 57 125
31 59 125
31 13 125
32 15 125
32 61 125
33 39 81
33 41 96
33 22 63
33 69 188
33 34 188
34 35 188
34 33 188
35 38 42
35 34 188
35 23 63
35 36 188
36 35 188
36 37 188
37 24 94
37 36 188
37 40 81
37 70 188
38 35 42
38 42 42
39 33 81
39 45 81
40 46 81
40 37 81
41 61 96
41 33 96
42 62 42
42 44 134
42 43 134
42 38 42
43 45 130
43 42 134
44 42 134
44 46 130
45 65 81
45 39 81
45 43 130
45 80 130
46 66 81
46 44 130
46 81 130
46 40 81
47 48 59
47 73 105
47 25 125
48 49 70
48 47 59
49 48 70
49 74 105
49 26 125
49 50 70
50 49 70
50 51 70
51 75 105
51 52 70
51 27 125
51 50 70
52 51 70
52 53 70
53 52 70
53 28 125
53 76 105
53 54 70
54 55 70
54 53 70
55 56 70
55 54 70
55 29 125
55 77 105
56 55 70
56 57 70
57 58 70
57 78 105
57 56 70
57 30 125
58 57 70
58 59 70
59 79 105
59 58 70
59 31 125
59 60 73
60 59 73
60 61 73
61 41 96
61 60 73
61 32 125
61 82 125
62 42 42
62 64 42
63 112 250
63 21 250
64 67 82
64 62 42
64 68 82
65 71 81
65 45 81
66 46 81
66 72 81
67 64 82
67 71 82
68 72 82
68 64 82
69 33 188
69 101 188
70 37 188
70 110 188
71 65 81
71 67 82
71 83 82
72 66 81
72 68 82
72 84 82
73 47 105
73 85 105
74 49 105
74 87 105
75 51 105
75 89 105
76 91 105
76 53 105
77 93 105
77 55 105
78 57 105
78 95 105
79 59 105
79 97 105
80 103 134
80 45 130
81 46 130
81 108 134
82 61 125
82 99 125
83 105 82
83 71 82
84 106 82
84 72 82
85 86 59
85 73 105
85 113 94
86 87 70
86 85 59
87 114 94
87 86 70
87 88 70
87 74 105
88 89 70
88 87 70
89 90 70
89 115 94
89 88 70
89 75 105
90 89 70
90 91 70
91 116 94
91 90 70
91 76 105
91 92 70
92 91 70
92 93 70
93 77 105
93 94 70
93 117 94
93 92 70
94 93 70
94 95 70
95 94 70
95 96 70
95 118 94
95 78 105
96 95 70
96 97 70
97 119 94
97 98 76
97 96 70
97 79 105
98 99 76
98 97 76
99 98 76
99 122 89
99 100 73
99 82 125
100 99 73
100 101 73
101 142 188
101 100 73
101 69 188
101 102 42
102 101 42
102 103 42
103 102 42
103 123 134
103 80 134
103 104 42
104 103 42
104 105 42
105 83 82
105 104 42
105 120 82
106 84 82
106 121 82
106 107 42
107 106 42
107 108 42
108 109 42
108 107 42
108 124 134
108 81 134
109 108 42
109 110 42
110 143 188
110 109 42
110 70 188
110 111 70
111 112 70
111 110 70
112 111 70
112 63 250
112 144 188
113 125 94
113 85 94
114 87 94
114 127 94
115 89 94
115 129 94
116 91 94
116 131 94
117 133 94
117 93 94
118 95 94
118 135 94
119 97 94
119 137 94
120 105 82
120 138 82
121 106 82
121 139 82
122 99 89
122 141 89
123 103 134
123 152 130
124 108 134
124 153 130
125 126 59
125 113 94
125 154 119
126 127 70
126 125 59
127 155 122
127 126 70
127 128 70
127 114 94
128 129 70
128 127 70
129 130 70
129 156 129
129 128 70
129 115 94
130 129 70
130 131 70
131 116 94
131 157 126
131 132 70
131 130 70
132 131 70
132 133 70
133 134 70
133 117 94
133 132 70
133 158 122
134 133 70
134 135 70
135 136 70
135 134 70
135 118 94
135 159 120
136 135 70
136 137 70
137 140 75
137 150 94
137 136 70
137 119 94
138 147 81
138 120 82
138 145 82
139 146 82
139 148 81
139 121 82
140 141 75
140 137 75
141 140 75
141 160 123
141 122 89
142 170 188
142 101 188
143 110 188
143 174 188
144 176 188
144 112 188
145 138 82
145 149 82
146 149 82
146 139 82
147 138 81
147 152 81
148 139 81
148 153 81
149 146 82
149 145 82
149 151 42
150 137 94
150 166 94
151 149 42
151 163 42
152 164 81
152 123 130
152 147 81
152 161 130
153 148 81
153 165 81
153 162 130
153 124 130
154 177 119
154 125 119
155 179 122
155 127 122
156 129 129
156 181 129
157 183 126
157 131 126
158 185 122
158 133 122
159 135 120
159 187 120
160 141 123
160 170 123
161 163 134
161 152 130
162 163 134
162 153 130
163 167 42
163 161 134
163 151 42
163 162 134
164 152 81
164 170 81
165 153 81
165 174 81
166 189 94
166 168 148
166 150 94
166 169 87
167 172 42
167 163 42
168 166 148
168 170 148
169 187 87
169 166 87
170 168 148
170 198 111
170 142 188
170 171 188
170 164 81
170 250 188
170 196 81
170 160 123
171 170 188
171 172 188
172 188 42
172 167 42
172 171 188
172 173 188
173 172 188
173 174 188
174 251 188
174 197 81
174 175 70
174 173 188
174 143 188
174 165 81
175 174 70
175 176 70
176 144 188
176 175 70
176 252 188
177 190 45
177 178 39
177 154 119
178 179 39
178 177 39
179 155 122
179 178 39
179 191 50
179 180 45
180 181 45
180 179 45
181 182 78
181 192 63
181 180 45
181 193 59
181 207 89
181 156 129
182 183 78
182 181 78
183 182 78
183 157 126
183 194 45
183 184 84
184 183 84
184 185 84
185 195 61
185 184 84
185 213 89
185 186 84
185 158 122
186 187 84
186 185 84
187 186 84
187 169 87
187 214 89
187 159 120
188 172 42
188 199 42
189 166 94
189 224 94
190 177 45
190 202 45
191 204 50
191 179 50
192 206 63
192 181 63
193 181 59
193 208 59
194 210 45
194 183 45
195 185 61
195 212 61
196 170 81
196 215 81
197 174 81
197 216 81
198 170 111
198 227 111
199 217 42
199 201 134
199 200 134
199 188 42
200 199 134
200 215 130
201 199 134
201 216 130
202 218 45
202 203 17
202 190 45
203 204 17
203 202 17
204 191 50
204 219 45
204 205 23
204 203 17
205 206 23
205 204 23
206 192 63
206 205 23
206 220 45
207 181 89
207 239 89
208 209 39
208 221 45
208 193 59
209 210 39
209 208 39
210 222 45
210 194 45
210 209 39
210 211 42
211 210 42
211 212 42
212 211 42
212 223 45
212 195 61
213 185 89
213 247 89
214 249 89
214 187 89
215 272 130
215 200 130
215 196 81
215 229 81
216 201 130
216 273 130
216 197 81
216 230 81
217 199 42
217 228 42
218 202 45
218 233 45
219 235 45
219 204 45
220 237 45
220 206 45
221 241 45
221 208 45
222 210 45
222 243 45
223 212 45
223 245 45
224 189 94
224 225 74
224 271 94
224 226 86
225 227 74
225 224 74
226 249 86
226 224 86
227 225 74
227 277 94
227 198 111
228 232 82
228 217 42
228 231 82
229 256 81
229 215 81
230 257 81
230 216 81
231 228 82
231 256 82
232 228 82
232 257 82
233 234 17
233 258 45
233 218 45
234 233 17
234 235 17
235 219 45
235 236 23
235 234 17
235 259 45
236 237 23
236 235 23
237 260 45
237 253 32
237 220 45
237 236 23
237 238 45
238 237 45
238 239 45
239 254 23
239 240 39
239 207 89
239 238 45
240 239 39
240 241 39
241 242 39
241 221 45
241 266 45
241 255 30
241 240 39
242 243 39
242 241 39
243 244 42
243 242 39
243 267 45
243 222 45
244 243 42
244 245 42
245 246 42
245 244 42
245 223 45
245 268 45
246 245 42
246 247 42
247 246 42
247 213 89
247 248 84
247 269 45
248 249 84
248 247 84
249 214 89
249 248 84
249 299 89
249 226 86
249 270 61
250 170 188
250 611 188
251 174 188
251 620 188
252 176 188
252 622 188
253 237 32
253 261 32
254 239 23
254 263 23
255 265 30
255 241 30
256 229 81
256 305 82
256 231 82
257 306 82
257 232 82
257 230 81
258 278 45
258 233 45
259 280 45
259 235 45
260 237 45
260 282 45
261 262 23
261 253 32
261 274 23
262 263 23
262 261 23
263 262 23
263 254 23
263 264 20
263 275 23
264 265 20
264 263 20
265 264 20
265 255 30
265 276 23
266 241 45
266 290 45
267 243 45
267 292 45
268 294 45
268 245 45
269 247 45
269 296 45
270 298 61
270 249 61
271 224 94
271 366 94
272 613 134
272 215 130
273 618 134
273 216 130
274 261 23
274 284 23
275 286 23
275 263 23
276 288 23
276 265 23
277 227 94
277 435 94
278 258 45
278 279 17
278 300 12
279 280 17
279 278 17
280 302 16
280 301 16
280 259 45
280 310 23
280 279 17
280 281 23
281 282 23
281 280 23
282 303 12
282 283 23
282 281 23
282 260 45
283 284 23
283 282 23
284 283 23
284 304 16
284 285 23
284 274 23
284 316 23
285 286 23
285 284 23
286 275 23
286 285 23
286 317 23
286 287 20
287 288 20
287 286 20
288 287 20
288 318 23
288 276 23
288 289 20
289 290 20
289 288 20
290 289 20
290 291 39
290 266 45
290 319 23
291 290 39
291 292 39
292 347 45
292 320 30
292 291 39
292 267 45
292 293 42
293 292 42
293 294 42
294 348 45
294 268 45
294 293 42
294 295 42
295 294 42
295 296 42
296 269 45
296 295 42
296 297 42
296 349 45
297 298 42
297 296 42
298 270 61
298 297 42
298 350 45
299 249 89
299 530 89
300 307 12
300 278 12
301 280 16
301 309 16
302 280 16
302 311 16
303 282 12
303 313 12
304 284 16
304 315 16
305 615 82
305 256 82
306 257 82
306 616 82
307 300 12
307 308 6
307 321 12
308 309 6
308 307 6
309 308 6
309 322 12
309 301 16
310 330 23
310 280 23
311 302 16
311 312 12
311 323 12
312 313 12
312 311 12
313 312 12
313 303 12
313 314 12
313 324 12
314 315 12
314 313 12
315 325 12
315 314 12
315 304 16
316 338 23
316 284 23
317 340 23
317 286 23
318 342 23
318 288 23
319 344 23
319 290 23
320 346 30
320 292 30
321 307 12
321 326 12
322 328 12
322 309 12
323 332 12
323 311 12
324 334 12
324 313 12
325 315 12
325 336 12
326 327 6
326 354 12
326 321 12
327 326 6
327 328 6
328 322 12
328 327 6
328 351 8
328 355 12
328 329 12
329 330 12
329 328 12
330 331 12
330 329 12
330 352 6
330 310 23
331 332 12
331 330 12
332 333 12
332 331 12
332 353 8
332 323 12
332 361 12
333 332 12
333 334 12
334 362 12
334 324 12
334 335 12
334 333 12
335 334 12
335 336 12
336 337 12
336 363 12
336 325 12
336 335 12
337 336 12
337 338 12
338 316 23
338 339 23
338 364 12
338 337 12
339 338 23
339 340 23
340 341 20
340 317 23
340 339 23
340 389 23
340 365 16
341 340 20
341 342 20
342 318 23
342 343 20
342 341 20
342 390 23
343 344 20
343 342 20
344 343 20
344 391 23
344 319 23
344 345 20
345 346 20
345 344 20
346 320 30
346 345 20
346 392 23
347 292 45
347 522 45
348 294 45
348 524 45
349 296 45
349 526 45
350 528 45
350 298 45
351 328 8
351 356 8
352 358 6
352 330 6
353 360 8
353 332 8
354 370 12
354 326 12
355 372 12
355 328 12
356 351 8
356 357 6
356 367 6
357 358 6
357 356 6
358 359 6
358 352 6
358 357 6
358 368 6
359 360 6
359 358 6
360 353 8
360 359 6
360 369 6
361 380 12
361 332 12
362 334 12
362 382 12
363 384 12
363 336 12
364 386 12
364 338 12
365 388 16
365 340 16
366 271 94
366 861 94
366 408 85
366 393 74
367 374 6
367 356 6
368 376 6
368 358 6
369 378 6
369 360 6
370 397 6
370 354 12
370 371 6
370 394 4
371 370 6
371 372 6
372 395 3
372 355 12
372 371 6
372 373 6
373 372 6
373 374 6
374 396 4
374 403 6
374 375 6
374 367 6
374 373 6
375 374 6
375 376 6
376 404 6
376 377 6
376 368 6
376 375 6
377 378 6
377 376 6
378 379 6
378 377 6
378 405 6
378 369 6
379 378 6
379 380 6
380 381 12
380 361 12
380 379 6
380 406 6
381 380 12
381 382 12
382 383 12
382 429 12
382 381 12
382 407 8
382 362 12
383 382 12
383 384 12
384 385 12
384 383 12
384 363 12
384 430 12
385 384 12
385 386 12
386 387 12
386 364 12
386 431 12
386 385 12
387 386 12
387 388 12
388 365 16
388 387 12
388 432 12
389 514 23
389 340 23
390 516 23
390 342 23
391 518 23
391 344 23
392 520 23
392 346 23
393 366 74
393 435 74
394 398 4
394 370 4
395 372 3
395 400 3
396 374 4
396 402 4
397 370 6
397 412 6
398 394 4
398 409 3
398 399 3
399 400 3
399 398 3
400 410 3
400 399 3
400 401 3
400 395 3
401 400 3
401 402 3
402 411 3
402 401 3
402 396 4
403 420 6
403 374 6
404 376 6
404 422 6
405 424 6
405 378 6
406 426 6
406 380 6
407 382 8
407 428 8
408 530 85
408 366 85
409 398 3
409 414 3
410 400 3
410 416 3
411 418 3
411 402 3
412 433 2
412 397 6
412 413 3
413 412 3
413 414 3
414 439 3
414 434 2
414 409 3
414 413 3
414 415 3
415 416 3
415 414 3
416 410 3
416 415 3
416 417 3
416 440 3
417 416 3
417 418 3
418 419 3
418 411 3
418 441 3
418 417 3
419 418 3
419 420 3
420 403 6
420 442 3
420 419 3
420 421 6
421 420 6
421 422 6
422 459 6
422 404 6
422 423 6
422 443 4
422 421 6
423 424 6
423 422 6
424 423 6
424 405 6
424 460 6
424 425 6
425 426 6
425 424 6
426 427 6
426 406 6
426 425 6
426 461 6
427 428 6
427 426 6
428 427 6
428 407 8
428 462 6
429 506 12
429 382 12
430 508 12
430 384 12
431 510 12
431 386 12
432 512 12
432 388 12
433 436 2
433 412 2
434 438 2
434 414 2
435 531 74
435 898 94
435 277 94
435 393 74
436 437 2
436 444 2
436 433 2
437 436 2
437 438 2
438 434 2
438 437 2
438 445 2
439 450 3
439 414 3
440 452 3
440 416 3
441 454 -10
441 418 3
442 456 3
442 420 3
443 458 4
443 422 4
444 436 2
444 446 2
445 448 2
445 438 2
446 444 2
446 447 2
446 463 2
447 446 2
447 448 2
448 449 2
448 464 2
448 447 2
448 445 2
449 448 2
449 450 2
450 439 3
450 449 2
450 451 3
450 465 2
451 452 3
451 450 3
452 474 3
452 451 3
452 453 3
452 466 2
452 440 3
453 452 3
453 454 3
454 475 3
454 455 3
454 453 3
455 456 3
455 454 3
456 476 3
456 442 3
456 455 3
456 457 3
457 458 3
457 456 3
458 477 3
458 457 3
458 443 4
459 498 6
459 422 6
460 424 6
460 500 6
461 426 6
461 502 6
462 504 6
462 428 6
463 467 2
463 446 2
464 448 2
464 469 2
465 471 2
465 450 2
466 473 2
466 452 2
467 478 2
467 463 2
467 468 2
468 469 2
468 467 2
469 468 2
469 470 2
469 464 2
469 479 2
470 471 2
470 469 2
471 470 2
471 465 2
471 472 2
471 480 2
472 473 2
472 471 2
473 481 2
473 472 2
473 466 2
474 452 3
474 490 3
475 492 3
475 454 3
476 456 3
476 494 3
477 496 3
477 458 3
478 467 2
478 482 2
479 484 2
479 469 2
480 486 2
480 471 2
481 473 2
481 488 2
482 532 2
482 483 2
482 478 2
483 484 2
483 482 2
484 479 2
484 485 2
484 483 2
484 533 2
485 486 2
485 484 2
486 534 2
486 485 2
486 480 2
486 487 2
487 486 2
487 488 2
488 489 2
488 535 2
488 487 2
488 481 2
489 488 2
489 490 2
490 537 3
490 474 3
490 489 2
490 491 3
491 490 3
491 492 3
492 493 3
492 475 3
492 540 3
492 491 3
493 492 3
493 494 3
494 544 4
494 493 3
494 476 3
494 495 3
495 496 3
495 494 3
496 547 4
496 477 3
496 497 3
496 495 3
497 498 3
497 496 3
498 552 5
498 497 3
498 499 6
498 459 6
499 500 6
499 498 6
500 499 6
500 501 6
500 460 6
500 560 6
501 502 6
501 500 6
502 501 6
502 568 7
502 503 6
502 461 6
503 504 6
503 502 6
504 462 6
504 503 6
504 575 8
504 505 6
505 506 6
505 504 6
506 429 12
506 505 6
506 507 12
506 586 9
507 508 12
507 506 12
508 634 13
508 507 12
508 430 12
508 509 12
509 510 12
509 508 12
510 511 12
510 509 12
510 431 12
510 665 16
511 510 12
511 512 12
512 692 19
512 511 12
512 432 12
512 513 12
513 514 12
513 512 12
514 389 23
514 513 12
514 717 23
514 515 20
515 516 20
515 514 20
516 517 20
516 390 23
516 515 20
516 718 23
517 516 20
517 518 20
518 719 23
518 391 23
518 517 20
518 519 20
519 520 20
519 518 20
520 392 23
520 519 20
520 521 20
520 720 23
521 522 20
521 520 20
522 521 20
522 347 45
522 523 42
522 721 23
523 524 42
523 522 42
524 822 45
524 523 42
524 722 31
524 348 45
524 525 42
525 526 42
525 524 42
526 525 42
526 527 42
526 823 45
526 349 45
527 526 42
527 528 42
528 350 45
528 529 42
528 824 45
528 527 42
529 528 42
529 530 42
530 408 85
530 529 42
530 921 89
530 299 89
531 435 74
531 611 74
532 482 2
532 536 2
533 539 2
533 484 2
534 486 2
534 543 2
535 488 2
535 546 2
536 538 2
536 542 2
536 532 2
537 551 3
537 490 3
538 536 2
538 539 2
539 541 2
539 533 2
539 538 2
539 548 2
540 559 3
540 492 3
541 539 2
541 543 2
542 536 2
542 549 2
543 534 2
543 554 2
543 545 2
543 541 2
544 566 4
544 494 4
545 543 2
545 546 2
546 550 2
546 535 2
546 545 2
546 558 2
547 496 4
547 574 4
548 539 2
548 557 2
549 556 2
549 542 2
549 553 2
550 551 2
550 546 2
551 550 2
551 555 3
551 537 3
551 565 3
552 498 5
552 585 5
553 557 2
553 549 2
554 543 2
554 564 2
555 551 3
555 559 3
556 563 1
556 549 2
557 561 2
557 567 2
557 553 2
557 548 2
558 573 3
558 546 2
559 540 3
559 562 3
559 580 3
559 555 3
560 607 6
560 500 6
561 564 2
561 557 2
562 559 3
562 566 3
563 569 2
563 556 1
563 570 2
564 578 2
564 561 2
564 554 2
564 571 2
565 551 3
565 584 3
566 572 3
566 544 4
566 562 3
566 595 4
567 557 2
567 577 2
568 643 7
568 502 7
569 563 2
569 576 2
570 563 2
570 577 2
571 564 2
571 573 2
572 566 3
572 574 3
573 558 3
573 591 2
573 579 2
573 571 2
574 623 4
574 581 3
574 572 3
574 547 4
575 663 8
575 504 8
576 582 2
576 587 2
576 569 2
577 583 2
577 588 2
577 570 2
577 567 2
578 564 2
578 590 2
579 573 2
579 584 2
580 559 3
580 602 3
581 574 3
581 585 3
582 576 2
582 589 2
583 577 2
583 590 2
584 592 3
584 565 3
584 601 3
584 579 2
585 596 6
585 641 5
585 552 5
585 581 3
586 682 9
586 506 9
587 576 2
587 594 2
588 577 2
588 594 2
589 582 2
589 599 2
589 593 2
590 578 2
590 597 2
590 583 2
590 600 2
591 573 2
591 606 2
592 584 3
592 602 3
593 598 2
593 589 2
594 604 2
594 605 2
594 587 2
594 588 2
595 640 4
595 566 4
596 607 6
596 585 6
597 606 2
597 590 2
598 593 2
598 603 2
598 624 2
599 589 2
599 625 2
600 590 2
600 626 2
601 584 3
601 633 3
602 628 3
602 592 3
602 580 3
602 642 3
603 598 2
603 608 2
604 594 2
604 625 2
605 626 2
605 594 2
606 597 2
606 627 2
606 632 2
606 591 2
607 629 6
607 596 6
607 671 6
607 560 6
608 609 2
608 630 2
608 603 2
609 608 2
609 610 2
610 609 2
610 635 2
611 531 74
611 612 42
611 250 188
611 1033 188
612 613 42
612 611 42
613 612 42
613 982 134
613 272 134
613 614 42
614 613 42
614 615 42
615 614 42
615 922 82
615 305 82
616 617 42
616 306 82
616 923 82
617 616 42
617 618 42
618 273 134
618 617 42
618 619 42
618 983 134
619 620 42
619 618 42
620 619 42
620 251 188
620 621 70
620 1034 188
621 620 70
621 622 70
622 621 70
622 252 188
622 1035 188
623 574 4
623 660 4
624 636 2
624 598 2
625 604 2
625 637 2
625 631 2
625 599 2
626 605 2
626 638 2
626 639 2
626 600 2
627 606 2
627 633 2
628 602 3
628 640 3
629 607 6
629 643 6
630 645 2
630 608 2
631 625 2
631 636 2
632 649 3
632 606 2
633 650 3
633 601 3
633 653 3
633 627 2
634 508 13
634 731 13
635 646 2
635 610 2
636 644 2
636 624 2
636 652 2
636 631 2
637 648 2
637 625 2
638 648 2
638 626 2
639 626 2
639 649 2
640 651 3
640 595 4
640 668 4
640 628 3
641 585 5
641 678 5
642 602 3
642 664 3
643 568 7
643 654 6
643 698 7
643 629 6
644 636 2
644 645 2
645 657 2
645 630 2
645 647 2
645 644 2
646 635 2
646 661 2
646 647 2
647 645 2
647 646 2
648 658 2
648 655 2
648 637 2
648 638 2
649 656 2
649 632 3
649 639 2
649 659 2
650 633 3
650 664 3
651 640 3
651 660 3
652 636 2
652 662 2
653 667 3
653 633 3
654 643 6
654 663 6
655 648 2
655 662 2
656 649 2
656 667 2
657 645 2
657 672 2
658 648 2
658 670 2
659 670 2
659 649 2
660 688 4
660 669 3
660 651 3
660 623 4
661 674 2
661 646 2
662 666 2
662 676 2
662 655 2
662 652 2
663 673 6
663 723 8
663 575 8
663 654 6
664 677 3
664 683 3
664 650 3
664 642 3
665 762 16
665 510 16
666 662 2
666 672 2
667 681 3
667 653 3
667 656 2
667 685 3
668 691 4
668 640 4
669 660 3
669 678 3
670 680 2
670 679 2
670 658 2
670 659 2
671 708 6
671 607 6
672 684 2
672 675 2
672 666 2
672 657 2
673 663 6
673 682 6
674 686 2
674 675 2
674 661 2
675 672 2
675 674 2
676 687 2
676 662 2
677 664 3
677 691 3
678 641 5
678 706 5
678 669 3
678 695 6
679 687 2
679 670 2
680 670 2
680 690 2
681 667 3
681 690 3
682 586 9
682 740 9
682 673 6
682 709 12
683 664 3
683 700 3
684 693 2
684 672 2
685 700 3
685 667 3
686 674 2
686 696 2
687 676 2
687 679 2
687 694 2
687 689 2
688 660 4
688 713 4
689 693 2
689 687 2
690 681 3
690 705 3
690 680 2
690 699 3
691 668 4
691 677 3
691 707 4
691 701 3
692 512 19
692 788 19
693 684 2
693 689 2
693 702 2
693 697 2
694 703 2
694 687 2
695 678 6
695 708 6
696 697 2
696 704 2
696 686 2
697 696 2
697 693 2
698 643 7
698 738 7
699 703 3
699 690 3
700 711 3
700 712 3
700 685 3
700 683 3
701 713 3
701 691 3
702 693 2
702 714 2
703 694 2
703 724 3
703 699 3
703 710 3
704 696 2
704 715 2
705 725 3
705 690 3
706 733 5
706 678 5
707 728 4
707 691 4
708 741 6
708 671 6
708 727 6
708 695 6
709 682 12
709 731 12
710 703 3
710 714 3
711 700 3
711 725 3
712 700 3
712 728 3
713 701 3
713 726 3
713 688 4
713 732 4
714 716 3
714 702 2
714 729 3
714 710 3
715 734 3
715 716 3
715 704 2
716 714 3
716 715 3
717 514 23
717 811 23
718 813 23
718 516 23
719 815 23
719 518 23
720 817 23
720 520 23
721 819 23
721 522 23
722 524 31
722 821 31
723 663 8
723 755 8
724 703 3
724 735 3
725 705 3
725 736 3
725 711 3
725 730 3
726 733 3
726 713 3
727 708 6
727 738 6
728 707 4
728 712 3
728 737 3
728 739 4
729 714 3
729 743 3
730 735 3
730 725 3
731 783 12
731 750 12
731 709 12
731 634 13
732 744 4
732 713 4
733 751 5
733 706 5
733 726 3
733 748 6
734 745 3
734 715 3
735 752 3
735 742 3
735 730 3
735 724 3
736 747 3
736 725 3
737 744 3
737 728 3
738 749 6
738 764 7
738 727 6
738 698 7
739 728 4
739 747 4
740 682 9
740 773 9
741 708 6
741 761 6
742 735 3
742 743 3
743 756 3
743 746 3
743 729 3
743 742 3
744 754 3
744 732 4
744 737 3
744 758 4
745 759 3
745 734 3
745 746 3
746 743 3
746 745 3
747 757 3
747 736 3
747 753 4
747 739 4
748 733 6
748 761 6
749 755 6
749 738 6
750 762 12
750 731 12
751 733 5
751 763 5
752 735 3
752 760 3
753 747 4
753 760 4
754 763 3
754 744 3
755 766 6
755 749 6
755 723 8
755 784 8
756 743 3
756 768 3
757 747 3
757 767 3
758 744 4
758 767 4
759 745 3
759 770 3
760 771 3
760 752 3
760 765 4
760 753 4
761 772 6
761 741 6
761 780 6
761 748 6
762 665 16
762 750 12
762 828 16
762 776 12
763 754 3
763 751 5
763 779 6
763 775 5
764 786 7
764 738 7
765 760 4
765 768 4
766 773 6
766 755 6
767 758 4
767 774 4
767 757 3
767 777 3
768 756 3
768 769 4
768 765 4
768 778 3
769 770 4
769 768 4
770 769 4
770 782 3
770 759 3
771 760 3
771 781 3
772 761 6
772 786 6
773 766 6
773 797 14
773 740 9
773 802 9
774 781 4
774 767 4
775 763 5
775 785 5
776 788 12
776 762 12
777 785 3
777 767 3
778 789 3
778 768 3
779 763 6
779 794 6
780 761 6
780 794 6
781 774 4
781 787 4
781 791 3
781 771 3
782 770 3
782 792 3
783 830 12
783 731 12
784 807 8
784 755 8
785 777 3
785 793 5
785 775 5
785 801 6
786 795 6
786 772 6
786 764 7
786 803 7
787 781 4
787 789 4
788 849 19
788 799 12
788 776 12
788 692 19
789 796 3
789 778 3
789 790 4
789 787 4
790 789 4
790 792 4
791 798 3
791 781 3
792 800 3
792 790 4
792 782 3
793 798 5
793 785 5
794 806 6
794 805 6
794 779 6
794 780 6
795 786 6
795 807 6
796 789 3
796 808 3
797 773 14
797 830 14
798 825 6
798 793 5
798 791 3
798 804 5
799 811 12
799 788 12
800 792 3
800 810 3
801 826 6
801 785 6
802 834 9
802 773 9
803 829 7
803 786 7
804 808 5
804 798 5
805 794 6
805 826 6
806 829 6
806 794 6
807 795 6
807 833 8
807 784 8
807 827 6
808 804 5
808 809 5
808 796 3
808 831 6
809 810 5
809 808 5
810 809 5
810 835 6
810 800 3
811 717 23
811 868 23
811 812 20
811 799 12
812 813 20
812 811 20
813 812 20
813 718 23
813 814 20
813 869 23
814 813 20
814 815 20
815 719 23
815 870 23
815 816 20
815 814 20
816 817 20
816 815 20
817 816 20
817 818 20
817 871 23
817 720 23
818 817 20
818 819 20
819 820 21
819 872 23
819 818 20
819 721 23
820 819 21
820 821 21
821 873 23
821 820 21
821 722 31
822 916 45
822 524 45
823 918 45
823 526 45
824 920 45
824 528 45
825 798 6
825 838 6
826 801 6
826 836 6
826 805 6
826 832 6
827 834 6
827 807 6
828 858 16
828 762 16
829 837 6
829 803 7
829 839 7
829 806 6
830 842 14
830 783 12
830 852 12
830 797 14
831 841 6
831 808 6
832 838 6
832 826 6
833 807 8
833 843 8
834 802 9
834 827 6
834 848 9
834 853 17
835 810 6
835 845 6
836 826 6
836 846 6
837 843 6
837 829 6
838 840 6
838 832 6
838 825 6
838 847 6
839 829 7
839 846 7
840 838 6
840 841 6
841 844 6
841 831 6
841 840 6
841 854 6
842 858 14
842 830 14
843 851 6
843 837 6
843 833 8
843 856 8
844 841 6
844 845 6
845 844 6
845 857 6
845 835 6
846 855 6
846 850 7
846 839 7
846 836 6
847 859 6
847 838 6
848 860 9
848 834 9
849 884 19
849 788 19
850 846 7
850 859 7
851 843 6
851 860 6
852 878 12
852 830 12
853 834 17
853 878 17
854 864 6
854 841 6
855 863 6
855 846 6
856 863 8
856 843 8
857 866 6
857 845 6
858 842 14
858 886 16
858 874 14
858 828 16
859 847 6
859 862 7
859 867 6
859 850 7
860 848 9
860 888 21
860 851 6
860 876 9
861 366 94
861 999 94
862 859 7
862 864 7
863 855 6
863 856 8
863 877 6
863 875 8
864 854 6
864 865 7
864 862 7
864 879 6
865 866 7
865 864 7
866 865 7
866 857 6
866 881 6
867 880 6
867 859 6
868 904 23
868 811 23
869 813 23
869 906 23
870 908 23
870 815 23
871 817 23
871 910 23
872 819 23
872 912 23
873 821 23
873 914 23
874 858 14
874 884 14
875 880 8
875 863 8
876 882 9
876 860 9
877 882 6
877 863 6
878 893 12
878 892 17
878 852 12
878 853 17
879 885 6
879 864 6
880 875 8
880 867 6
880 883 8
880 887 6
881 890 6
881 866 6
882 900 17
882 877 6
882 876 9
882 891 9
883 880 8
883 885 8
884 926 19
884 895 14
884 849 19
884 874 14
885 894 6
885 889 8
885 879 6
885 883 8
886 924 15
886 858 16
887 896 6
887 880 6
888 860 21
888 925 21
889 885 8
889 890 8
890 881 6
890 897 6
890 889 8
891 882 9
891 896 9
892 924 17
892 878 17
893 925 12
893 878 12
894 885 6
894 901 6
895 904 14
895 884 14
896 887 6
896 927 14
896 891 9
896 899 9
897 890 6
897 903 6
898 1032 94
898 435 94
899 896 9
899 901 9
900 882 17
900 931 17
901 902 9
901 929 12
901 894 6
901 899 9
902 901 9
902 903 9
903 930 12
903 902 9
903 897 6
904 868 23
904 895 14
904 941 23
904 905 20
905 906 20
905 904 20
906 905 20
906 907 20
906 942 23
906 869 23
907 906 20
907 908 20
908 907 20
908 943 23
908 870 23
908 909 20
909 908 20
909 910 20
910 944 23
910 911 20
910 909 20
910 871 23
911 912 20
911 910 20
912 911 20
912 913 21
912 945 23
912 872 23
913 914 21
913 912 21
914 913 21
914 915 21
914 946 23
914 873 23
915 914 21
915 916 21
916 974 45
916 822 45
916 915 21
916 917 42
917 918 42
917 916 42
918 917 42
918 919 42
918 975 45
918 823 45
919 920 42
919 918 42
920 824 45
920 919 42
920 976 61
921 1031 89
921 530 89
922 1000 82
922 615 82
923 1001 82
923 616 82
924 892 17
924 886 15
924 935 15
924 932 17
925 893 12
925 934 21
925 928 12
925 888 21
926 884 19
926 947 19
927 896 14
927 936 14
928 925 12
928 931 12
929 901 12
929 938 12
930 903 12
930 940 12
931 900 17
931 948 17
931 933 12
931 928 12
932 947 17
932 924 17
933 936 12
933 931 12
934 950 21
934 925 21
935 924 15
935 950 15
936 933 12
936 949 14
936 937 12
936 927 14
937 938 12
937 936 12
938 939 13
938 937 12
938 929 12
938 951 12
939 938 13
939 940 13
940 939 13
940 952 12
940 930 12
941 963 23
941 904 23
942 965 23
942 906 23
943 967 23
943 908 23
944 910 23
944 969 23
945 971 23
945 912 23
946 914 23
946 973 23
947 932 17
947 953 17
947 926 19
947 958 19
948 955 17
948 931 17
949 936 14
949 957 14
950 934 21
950 977 21
950 935 15
950 954 15
951 960 12
951 938 12
952 962 12
952 940 12
953 963 17
953 947 17
954 955 15
954 950 15
955 948 17
955 956 15
955 978 17
955 954 15
956 957 16
956 955 15
957 959 16
957 956 16
957 979 14
957 949 14
958 984 19
958 947 19
959 957 16
959 960 16
960 951 12
960 961 16
960 980 12
960 959 16
961 962 16
961 960 16
962 981 12
962 961 16
962 952 12
963 953 17
963 964 20
963 993 23
963 941 23
964 965 20
964 963 20
965 942 23
965 964 20
965 994 23
965 966 20
966 967 20
966 965 20
967 943 23
967 968 20
967 995 23
967 966 20
968 967 20
968 969 20
969 968 20
969 970 20
969 996 23
969 944 23
970 969 20
970 971 20
971 945 23
971 972 21
971 997 23
971 970 20
972 973 21
972 971 21
973 972 21
973 998 31
973 946 23
974 1027 45
974 916 45
975 918 45
975 1029 45
976 1031 61
976 920 61
977 984 21
977 950 21
978 986 17
978 955 17
979 988 14
979 957 14
980 990 12
980 960 12
981 962 12
981 992 12
982 613 134
982 1111 130
983 1112 130
983 618 134
984 977 21
984 958 19
984 1002 21
984 985 19
985 984 19
985 986 19
986 1003 17
986 987 19
986 978 17
986 985 19
987 986 19
987 988 19
988 979 14
988 989 19
988 1004 14
988 987 19
989 990 19
989 988 19
990 991 19
990 1005 12
990 989 19
990 980 12
991 990 19
991 992 19
992 981 12
992 1006 12
992 991 19
993 1017 23
993 963 23
994 965 23
994 1019 23
995 967 23
995 1021 23
996 969 23
996 1023 23
997 971 23
997 1025 23
998 1027 31
998 973 31
999 1008 74
999 1083 94
999 861 94
999 1007 84
1000 1048 81
1000 922 82
1000 1046 82
1001 1047 82
1001 1049 81
1001 923 82
1002 1017 21
1002 984 21
1003 986 17
1003 1015 17
1004 1013 14
1004 988 14
1005 1011 12
1005 990 12
1006 1009 12
1006 992 12
1007 1031 84
1007 999 84
1008 999 74
1008 1032 74
1009 1010 23
1009 1036 23
1009 1006 12
1010 1009 23
1010 1011 23
1011 1037 23
1011 1010 23
1011 1012 23
1011 1005 12
1012 1013 23
1012 1011 23
1013 1014 23
1013 1012 23
1013 1038 23
1013 1004 14
1014 1013 23
1014 1015 23
1015 1039 23
1015 1014 23
1015 1016 23
1015 1003 17
1016 1017 23
1016 1015 23
1017 1016 23
1017 1040 23
1017 1018 20
1017 1002 21
1017 993 23
1018 1019 20
1018 1017 20
1019 1020 20
1019 1018 20
1019 1041 23
1019 994 23
1020 1019 20
1020 1021 20
1021 1020 20
1021 1022 20
1021 995 23
1021 1042 23
1022 1021 20
1022 1023 20
1023 1022 20
1023 996 23
1023 1043 23
1023 1024 20
1024 1023 20
1024 1025 20
1025 1026 42
1025 1044 23
1025 997 23
1025 1024 20
1026 1027 42
1026 1025 42
1027 1026 42
1027 974 45
1027 1045 31
1027 1028 42
1027 1070 45
1027 998 31
1028 1029 42
1028 1027 42
1029 1028 42
1029 1030 84
1029 1071 45
1029 975 45
1030 1031 84
1030 1029 84
1031 1030 84
1031 921 89
1031 1072 61
1031 1007 84
1031 976 61
1031 1110 89
1032 898 94
1032 1113 128
1032 1008 74
1033 611 188
1033 1200 188
1034 1204 188
1034 620 188
1035 1206 188
1035 622 188
1036 1051 23
1036 1009 23
1037 1011 23
1037 1053 23
1038 1055 23
1038 1013 23
1039 1015 23
1039 1057 23
1040 1017 23
1040 1059 23
1041 1061 23
1041 1019 23
1042 1063 23
1042 1021 23
1043 1023 23
1043 1065 23
1044 1025 23
1044 1067 23
1045 1027 31
1045 1069 31
1046 1000 82
1046 1050 82
1047 1050 82
1047 1001 82
1048 1000 81
1048 1111 81
1049 1112 81
1049 1001 81
1050 1084 42
1050 1046 82
1050 1047 82
1051 1036 23
1051 1073 23
1051 1052 23
1052 1053 23
1052 1051 23
1053 1052 23
1053 1074 23
1053 1054 23
1053 1037 23
1054 1053 23
1054 1055 23
1055 1038 23
1055 1056 23
1055 1075 23
1055 1054 23
1056 1055 23
1056 1057 23
1057 1076 23
1057 1056 23
1057 1058 23
1057 1039 23
1058 1059 23
1058 1057 23
1059 1058 23
1059 1077 23
1059 1060 20
1059 1040 23
1060 1061 20
1060 1059 20
1061 1060 20
1061 1078 23
1061 1041 23
1061 1062 20
1062 1061 20
1062 1063 20
1063 1042 23
1063 1064 20
1063 1079 23
1063 1062 20
1064 1063 20
1064 1065 20
1065 1043 23
1065 1066 20
1065 1080 23
1065 1064 20
1066 1065 20
1066 1067 20
1067 1066 20
1067 1044 23
1067 1068 21
1067 1081 23
1068 1069 21
1068 1067 21
1069 1068 21
1069 1082 23
1069 1045 31
1070 1027 45
1070 1105 45
1071 1029 45
1071 1107 45
1072 1031 61
1072 1109 61
1073 1051 23
1073 1085 23
1074 1053 23
1074 1087 23
1075 1089 23
1075 1055 23
1076 1057 23
1076 1091 23
1077 1059 23
1077 1093 23
1078 1061 23
1078 1095 23
1079 1063 23
1079 1097 23
1080 1065 23
1080 1099 23
1081 1101 23
1081 1067 23
1082 1069 23
1082 1103 23
1083 999 94
1083 1161 94
1084 1050 42
1084 1126 42
1085 1114 23
1085 1086 23
1085 1073 23
1086 1085 23
1086 1087 23
1087 1115 23
1087 1088 23
1087 1086 23
1087 1074 23
1088 1087 23
1088 1089 23
1089 1116 23
1089 1090 23
1089 1088 23
1089 1075 23
1090 1089 23
1090 1091 23
1091 1090 23
1091 1076 23
1091 1117 23
1091 1092 23
1092 1093 23
1092 1091 23
1093 1118 23
1093 1094 20
1093 1092 23
1093 1077 23
1094 1095 20
1094 1093 20
1095 1094 20
1095 1119 23
1095 1096 20
1095 1078 23
1096 1097 20
1096 1095 20
1097 1096 20
1097 1098 20
1097 1120 23
1097 1079 23
1098 1097 20
1098 1099 20
1099 1098 20
1099 1080 23
1099 1100 20
1099 1121 23
1100 1099 20
1100 1101 20
1101 1102 21
1101 1100 20
1101 1122 23
1101 1081 23
1102 1103 21
1102 1101 21
1103 1102 21
1103 1082 23
1103 1104 21
1103 1123 23
1104 1105 21
1104 1103 21
1105 1104 21
1105 1106 42
1105 1146 45
1105 1070 45
1106 1107 42
1106 1105 42
1107 1106 42
1107 1108 42
1107 1147 45
1107 1071 45
1108 1109 42
1108 1107 42
1109 1108 42
1109 1148 45
1109 1072 61
1110 1188 89
1110 1031 89
1111 1149 81
1111 982 130
1111 1124 130
1111 1048 81
1112 1049 81
1112 983 130
1112 1125 130
1112 1150 81
1113 1032 128
1113 1200 127
1114 1085 23
1114 1127 23
1115 1087 23
1115 1129 23
1116 1089 23
1116 1131 23
1117 1091 23
1117 1133 23
1118 1135 23
1118 1093 23
1119 1095 23
1119 1137 23
1120 1097 23
1120 1139 23
1121 1099 23
1121 1141 23
1122 1143 23
1122 1101 23
1123 1145 23
1123 1103 23
1124 1126 134
1124 1111 130
1125 1112 130
1125 1126 134
1126 1162 42
1126 1124 134
1126 1125 134
1126 1084 42
1127 1151 23
1127 1128 23
1127 1114 23
1128 1129 23
1128 1127 23
1129 1152 23
1129 1128 23
1129 1115 23
1129 1130 23
1130 1131 23
1130 1129 23
1131 1130 23
1131 1153 23
1131 1116 23
1131 1132 23
1132 1133 23
1132 1131 23
1133 1154 23
1133 1134 23
1133 1117 23
1133 1132 23
1134 1133 23
1134 1135 23
1135 1118 23
1135 1136 20
1135 1155 23
1135 1134 23
1136 1137 20
1136 1135 20
1137 1136 20
1137 1138 20
1137 1156 23
1137 1119 23
1138 1137 20
1138 1139 20
1139 1138 20
1139 1120 23
1139 1140 20
1139 1157 23
1140 1139 20
1140 1141 20
1141 1140 20
1141 1142 20
1141 1158 23
1141 1121 23
1142 1141 20
1142 1143 20
1143 1142 20
1143 1122 23
1143 1144 21
1143 1159 23
1144 1145 21
1144 1143 21
1145 1123 23
1145 1144 21
1145 1160 31
1146 1182 45
1146 1105 45
1147 1184 45
1147 1107 45
1148 1109 45
1148 1186 45
1149 1200 81
1149 1111 81
1150 1112 81
1150 1204 81
1151 1127 23
1151 1164 23
1152 1129 23
1152 1166 23
1153 1131 23
1153 1168 23
1154 1133 23
1154 1170 23
1155 1172 23
1155 1135 23
1156 1137 23
1156 1174 23
1157 1139 23
1157 1176 23
1158 1178 23
1158 1141 23
1159 1180 23
1159 1143 23
1160 1182 31
1160 1145 31
1161 1163 84
1161 1189 148
1161 1083 94
1161 1239 84
1162 1126 42
1162 1202 42
1163 1188 84
1163 1161 84
1164 1165 23
1164 1190 23
1164 1151 23
1165 1164 23
1165 1166 23
1166 1167 23
1166 1165 23
1166 1191 23
1166 1152 23
1167 1166 23
1167 1168 23
1168 1192 23
1168 1169 23
1168 1153 23
1168 1167 23
1169 1170 23
1169 1168 23
1170 1169 23
1170 1193 23
1170 1171 23
1170 1154 23
1171 1172 23
1171 1170 23
1172 1194 23
1172 1173 20
1172 1155 23
1172 1171 23
1173 1174 20
1173 1172 20
1174 1173 20
1174 1156 23
1174 1175 20
1174 1195 23
1175 1174 20
1175 1176 20
1176 1175 20
1176 1177 20
1176 1196 23
1176 1157 23
1177 1176 20
1177 1178 20
1178 1177 20
1178 1158 23
1178 1179 20
1178 1197 23
1179 1178 20
1179 1180 20
1180 1181 42
1180 1159 23
1180 1179 20
1180 1198 23
1181 1182 42
1181 1180 42
1182 1181 42
1182 1183 42
1182 1226 45
1182 1146 45
1182 1160 31
1182 1199 31
1183 1184 42
1183 1182 42
1184 1147 45
1184 1183 42
1184 1185 42
1184 1227 45
1185 1186 42
1185 1184 42
1186 1185 42
1186 1228 45
1186 1148 45
1186 1187 42
1187 1186 42
1187 1188 42
1188 1110 89
1188 1163 84
1188 1268 89
1188 1187 42
1189 1161 148
1189 1200 148
1190 1207 23
1190 1164 23
1191 1209 23
1191 1166 23
1192 1168 23
1192 1211 23
1193 1213 23
1193 1170 23
1194 1172 23
1194 1215 23
1195 1174 23
1195 1217 23
1196 1176 23
1196 1219 23
1197 1178 23
1197 1221 23
1198 1180 23
1198 1223 23
1199 1225 31
1199 1182 31
1200 1149 81
1200 1241 81
1200 1269 96
1200 1033 188
1200 1360 188
1200 1113 127
1200 1201 188
1200 1189 148
1201 1202 188
1201 1200 188
1202 1201 188
1202 1162 42
1202 1240 42
1202 1203 188
1203 1204 188
1203 1202 188
1204 1203 188
1204 1205 70
1204 1361 188
1204 1242 81
1204 1034 188
1204 1150 81
1205 1204 70
1205 1206 70
1206 1035 188
1206 1205 70
1206 1362 188
1207 1190 23
1207 1208 23
1208 1209 23
1208 1207 23
1209 1210 23
1209 1191 23
1209 1230 23
1209 1208 23
1210 1211 23
1210 1209 23
1211 1210 23
1211 1212 23
1211 1192 23
1211 1231 23
1212 1211 23
1212 1213 23
1213 1232 23
1213 1214 23
1213 1193 23
1213 1212 23
1214 1215 23
1214 1213 23
1215 1214 23
1215 1194 23
1215 1216 20
1215 1233 23
1216 1217 20
1216 1215 20
1217 1216 20
1217 1218 20
1217 1195 23
1217 1234 23
1218 1217 20
1218 1219 20
1219 1220 20
1219 1235 23
1219 1196 23
1219 1218 20
1220 1219 20
1220 1221 20
1221 1222 20
1221 1236 23
1221 1220 20
1221 1197 23
1222 1221 20
1222 1223 20
1223 1224 21
1223 1222 20
1223 1198 23
1223 1237 23
1224 1225 21
1224 1223 21
1225 1224 21
1225 1238 23
1225 1199 31
1226 1263 45
1226 1182 45
1227 1184 45
1227 1265 45
1228 1186 45
1228 1267 45
1229 1207 -300
1229 1243 23
1230 1245 23
1230 1209 23
1231 1247 23
1231 1211 23
1232 1249 23
1232 1213 23
1233 1251 23
1233 1215 23
1234 1253 23
1234 1217 23
1235 1255 23
1235 1219 23
1236 1257 23
1236 1221 23
1237 1259 23
1237 1223 23
1238 1261 23
1238 1225 23
1239 1317 84
1239 1161 84
1240 1202 42
1240 1280 42
1241 1200 81
1241 1305 81
1242 1306 81
1242 1204 81
1243 1270 23
1243 1244 23
1243 1229 23
1244 1245 23
1244 1243 23
1245 1244 23
1245 1230 23
1245 1271 23
1245 1246 23
1246 1247 23
1246 1245 23
1247 1246 23
1247 1248 23
1247 1272 23
1247 1231 23
1248 1249 23
1248 1247 23
1249 1232 23
1249 1273 23
1249 1250 23
1249 1248 23
1250 1249 23
1250 1251 23
1251 1274 23
1251 1233 23
1251 1252 20
1251 1250 23
1252 1251 20
1252 1253 20
1253 1234 23
1253 1254 20
1253 1275 23
1253 1252 20
1254 1253 20
1254 1255 20
1255 1256 20
1255 1276 23
1255 1235 23
1255 1254 20
1256 1255 20
1256 1257 20
1257 1256 20
1257 1277 23
1257 1236 23
1257 1258 20
1258 1259 20
1258 1257 20
1259 1258 20
1259 1237 23
1259 1278 23
1259 1260 21
1260 1261 21
1260 1259 21
1261 1238 23
1261 1279 23
1261 1262 21
1261 1260 21
1262 1261 21
1262 1263 21
1263 1226 45
1263 1264 42
1263 1302 45
1263 1262 21
1264 1265 42
1264 1263 42
1265 1227 45
1265 1264 42
1265 1303 45
1265 1266 42
1266 1265 42
1266 1267 42
1267 1304 61
1267 1266 42
1267 1228 45
1268 1344 89
1268 1188 89
1269 1319 96
1269 1200 96
1270 1243 23
1270 1283 23
1271 1285 23
1271 1245 23
1272 1287 23
1272 1247 23
1273 1249 23
1273 1289 23
1274 1251 23
1274 1291 23
1275 1293 23
1275 1253 23
1276 1255 23
1276 1295 23
1277 1257 23
1277 1297 23
1278 1259 23
1278 1299 23
1279 1261 23
1279 1301 23
1280 1281 134
1280 1240 42
1280 1320 42
1280 1282 134
1281 1305 130
1281 1280 134
1282 1306 130
1282 1280 134
1283 1307 23
1283 1284 23
1283 1270 23
1284 1285 23
1284 1283 23
1285 1271 23
1285 1308 23
1285 1286 23
1285 1284 23
1286 1287 23
1286 1285 23
1287 1272 23
1287 1309 23
1287 1286 23
1287 1288 23
1288 1287 23
1288 1289 23
1289 1310 23
1289 1290 23
1289 1273 23
1289 1288 23
1290 1289 23
1290 1291 23
1291 1311 23
1291 1274 23
1291 1292 20
1291 1290 23
1292 1291 20
1292 1293 20
1293 1312 23
1293 1275 23
1293 1294 20
1293 1292 20
1294 1295 20
1294 1293 20
1295 1296 20
1295 1294 20
1295 1313 23
1295 1276 23
1296 1295 20
1296 1297 20
1297 1314 23
1297 1298 20
1297 1277 23
1297 1296 20
1298 1299 20
1298 1297 20
1299 1315 23
1299 1300 21
1299 1278 23
1299 1298 20
1300 1301 21
1300 1299 21
1301 1300 21
1301 1316 31
1301 1279 23
1302 1263 45
1302 1340 45
1303 1265 45
1303 1342 45
1304 1267 61
1304 1344 61
1305 1425 130
1305 1241 81
1305 1356 81
1305 1281 130
1306 1282 130
1306 1242 81
1306 1357 81
1306 1426 130
1307 1322 23
1307 1283 23
1308 1324 23
1308 1285 23
1309 1287 23
1309 1326 23
1310 1289 23
1310 1328 23
1311 1291 23
1311 1330 23
1312 1332 23
1312 1293 23
1313 1334 23
1313 1295 23
1314 1297 23
1314 1336 23
1315 1299 23
1315 1338 23
1316 1301 31
1316 1340 31
1317 1318 73
1317 1321 84
1317 1239 84
1317 1386 84
1318 1319 73
1318 1317 73
1319 1318 73
1319 1269 96
1319 1385 73
1320 1280 42
1320 1345 42
1321 1317 84
1321 1344 84
1322 1307 23
1322 1346 23
1322 1323 23
1323 1322 23
1323 1324 23
1324 1308 23
1324 1323 23
1324 1325 23
1324 1347 23
1325 1324 23
1325 1326 23
1326 1348 23
1326 1327 23
1326 1325 23
1326 1309 23
1327 1328 23
1327 1326 23
1328 1327 23
1328 1310 23
1328 1349 23
1328 1329 23
1329 1330 23
1329 1328 23
1330 1331 20
1330 1350 23
1330 1329 23
1330 1311 23
1331 1330 20
1331 1332 20
1332 1312 23
1332 1351 23
1332 1333 20
1332 1331 20
1333 1334 20
1333 1332 20
1334 1333 20
1334 1352 23
1334 1335 20
1334 1313 23
1335 1336 20
1335 1334 20
1336 1337 20
1336 1353 23
1336 1314 23
1336 1335 20
1337 1336 20
1337 1338 20
1338 1315 23
1338 1339 42
1338 1354 23
1338 1337 20
1339 1340 42
1339 1338 42
1340 1339 42
1340 1316 31
1340 1382 45
1340 1341 42
1340 1302 45
1340 1355 31
1341 1340 42
1341 1342 42
1342 1303 45
1342 1343 84
1342 1383 45
1342 1341 42
1343 1342 84
1343 1344 84
1344 1268 89
1344 1304 61
1344 1384 61
1344 1424 89
1344 1321 84
1344 1343 84
1345 1358 82
1345 1320 42
1345 1359 82
1346 1363 23
1346 1322 23
1347 1365 23
1347 1324 23
1348 1367 23
1348 1326 23
1349 1369 23
1349 1328 23
1350 1330 23
1350 1371 23
1351 1332 23
1351 1373 23
1352 1375 23
1352 1334 23
1353 1336 23
1353 1377 23
1354 1379 23
1354 1338 23
1355 1381 31
1355 1340 31
1356 1305 81
1356 1397 81
1357 1398 81
1357 1306 81
1358 1397 82
1358 1345 82
1359 1345 82
1359 1398 82
1360 1544 188
1360 1200 188
1361 1204 188
1361 1553 188
1362 1206 188
1362 1555 188
1363 1364 23
1363 1346 23
1363 1387 23
1364 1363 23
1364 1365 23
1365 1366 23
1365 1364 23
1365 1347 23
1365 1388 23
1366 1365 23
1366 1367 23
1367 1368 23
1367 1389 23
1367 1366 23
1367 1348 23
1368 1367 23
1368 1369 23
1369 1370 23
1369 1349 23
1369 1390 23
1369 1368 23
1370 1369 23
1370 1371 23
1371 1391 23
1371 1372 20
1371 1370 23
1371 1350 23
1372 1371 20
1372 1373 20
1373 1374 20
1373 1372 20
1373 1392 23
1373 1351 23
1374 1373 20
1374 1375 20
1375 1352 23
1375 1374 20
1375 1393 23
1375 1376 20
1376 1377 20
1376 1375 20
1377 1376 20
1377 1353 23
1377 1378 20
1377 1394 23
1378 1377 20
1378 1379 20
1379 1354 23
1379 1395 23
1379 1380 21
1379 1378 20
1380 1381 21
1380 1379 21
1381 1380 21
1381 1396 23
1381 1355 31
1382 1340 45
1382 1419 45
1383 1342 45
1383 1421 45
1384 1423 61
1384 1344 61
1385 1319 73
1385 1437 73
1386 1461 84
1386 1317 84
1387 1399 23
1387 1363 23
1388 1401 23
1388 1365 23
1389 1403 23
1389 1367 23
1390 1405 23
1390 1369 23
1391 1371 23
1391 1407 23
1392 1409 23
1392 1373 23
1393 1411 23
1393 1375 23
1394 1413 23
1394 1377 23
1395 1415 23
1395 1379 23
1396 1381 23
1396 1417 23
1397 1356 81
1397 1462 82
1397 1358 82
1398 1359 82
1398 1357 81
1398 1463 82
1399 1400 23
1399 1427 23
1399 1387 23
1400 1399 23
1400 1401 23
1401 1428 23
1401 1402 23
1401 1400 23
1401 1388 23
1402 1403 23
1402 1401 23
1403 1429 23
1403 1389 23
1403 1404 23
1403 1402 23
1404 1405 23
1404 1403 23
1405 1406 23
1405 1430 23
1405 1390 23
1405 1404 23
1406 1405 23
1406 1407 23
1407 1431 23
1407 1406 23
1407 1408 20
1407 1391 23
1408 1407 20
1408 1409 20
1409 1432 23
1409 1392 23
1409 1410 20
1409 1408 20
1410 1409 20
1410 1411 20
1411 1393 23
1411 1433 23
1411 1412 20
1411 1410 20
1412 1413 20
1412 1411 20
1413 1394 23
1413 1412 20
1413 1434 23
1413 1414 20
1414 1415 20
1414 1413 20
1415 1395 23
1415 1414 20
1415 1435 23
1415 1416 21
1416 1417 21
1416 1415 21
1417 1416 21
1417 1396 23
1417 1436 23
1417 1418 21
1418 1419 21
1418 1417 21
1419 1382 45
1419 1418 21
1419 1457 45
1419 1420 42
1420 1421 42
1420 1419 42
1421 1422 42
1421 1458 45
1421 1420 42
1421 1383 45
1422 1423 42
1422 1421 42
1423 1384 61
1423 1459 45
1423 1422 42
1424 1500 89
1424 1344 89
1425 1305 130
1425 1546 134
1426 1551 134
1426 1306 130
1427 1399 23
1427 1438 23
1428 1401 23
1428 1440 23
1429 1403 23
1429 1442 23
1430 1405 23
1430 1444 23
1431 1446 23
1431 1407 23
1432 1409 23
1432 1448 23
1433 1411 23
1433 1450 23
1434 1452 23
1434 1413 23
1435 1415 23
1435 1454 23
1436 1417 23
1436 1456 23
1437 1475 90
1437 1460 74
1437 1385 73
1438 1464 23
1438 1439 23
1438 1427 23
1439 1440 23
1439 1438 23
1440 1439 23
1440 1465 23
1440 1441 23
1440 1428 23
1441 1442 23
1441 1440 23
1442 1466 23
1442 1443 23
1442 1441 23
1442 1429 23
1443 1444 23
1443 1442 23
1444 1467 23
1444 1445 23
1444 1443 23
1444 1430 23
1445 1444 23
1445 1446 23
1446 1431 23
1446 1468 23
1446 1445 23
1446 1447 20
1447 1446 20
1447 1448 20
1448 1469 23
1448 1432 23
1448 1449 20
1448 1447 20
1449 1450 20
1449 1448 20
1450 1451 20
1450 1470 23
1450 1449 20
1450 1433 23
1451 1450 20
1451 1452 20
1452 1434 23
1452 1471 23
1452 1453 20
1452 1451 20
1453 1452 20
1453 1454 20
1454 1472 23
1454 1455 21
1454 1453 20
1454 1435 23
1455 1456 21
1455 1454 21
1456 1436 23
1456 1473 31
1456 1455 21
1457 1419 45
1457 1494 45
1458 1496 45
1458 1421 45
1459 1498 45
1459 1423 45
1460 1437 74
1460 1461 74
1461 1386 84
1461 1474 85
1461 1460 74
1461 1543 84
1462 1548 82
1462 1397 82
1463 1398 82
1463 1549 82
1464 1476 23
1464 1438 23
1465 1440 23
1465 1478 23
1466 1442 23
1466 1480 23
1467 1444 23
1467 1482 23
1468 1446 23
1468 1484 23
1469 1448 23
1469 1486 23
1470 1488 23
1470 1450 23
1471 1452 23
1471 1490 23
1472 1492 23
1472 1454 23
1473 1494 31
1473 1456 31
1474 1500 85
1474 1461 85
1475 1437 90
1475 1544 90
1476 1501 17
1476 1477 23
1476 1464 23
1477 1476 23
1477 1478 23
1478 1502 17
1478 1465 23
1478 1479 23
1478 1477 23
1479 1480 23
1479 1478 23
1480 1481 23
1480 1503 17
1480 1479 23
1480 1466 23
1481 1480 23
1481 1482 23
1482 1504 17
1482 1467 23
1482 1483 23
1482 1481 23
1483 1484 23
1483 1482 23
1484 1505 17
1484 1485 20
1484 1483 23
1484 1468 23
1485 1484 20
1485 1486 20
1486 1506 17
1486 1485 20
1486 1469 23
1486 1487 20
1487 1488 20
1487 1486 20
1488 1507 17
1488 1470 23
1488 1487 20
1488 1489 20
1489 1490 20
1489 1488 20
1490 1508 17
1490 1471 23
1490 1489 20
1490 1491 20
1491 1492 20
1491 1490 20
1492 1491 20
1492 1509 17
1492 1493 42
1492 1472 23
1493 1494 42
1493 1492 42
1494 1457 45
1494 1495 42
1494 1510 27
1494 1530 34
1494 1493 42
1494 1473 31
1495 1496 42
1495 1494 42
1496 1458 45
1496 1495 42
1496 1497 42
1496 1531 34
1497 1498 42
1497 1496 42
1498 1459 45
1498 1499 42
1498 1497 42
1498 1532 34
1499 1498 42
1499 1500 42
1500 1424 89
1500 1474 85
1500 1581 67
1500 1499 42
1501 1476 17
1501 1511 17
1502 1513 17
1502 1478 17
1503 1515 17
1503 1480 17
1504 1517 17
1504 1482 17
1505 1484 17
1505 1519 17
1506 1521 17
1506 1486 17
1507 1488 17
1507 1523 17
1508 1525 17
1508 1490 17
1509 1527 17
1509 1492 17
1510 1529 27
1510 1494 27
1511 1512 23
1511 1501 17
1511 1533 17
1512 1511 23
1512 1513 23
1513 1512 23
1513 1514 23
1513 1534 17
1513 1502 17
1514 1513 23
1514 1515 23
1515 1503 17
1515 1514 23
1515 1516 23
1515 1535 17
1516 1515 23
1516 1517 23
1517 1504 17
1517 1516 23
1517 1518 23
1517 1536 17
1518 1517 23
1518 1519 23
1519 1537 17
1519 1505 17
1519 1520 20
1519 1518 23
1520 1521 20
1520 1519 20
1521 1506 17
1521 1520 20
1521 1522 20
1521 1538 17
1522 1521 20
1522 1523 20
1523 1524 20
1523 1522 20
1523 1507 17
1523 1539 17
1524 1523 20
1524 1525 20
1525 1524 20
1525 1526 20
1525 1508 17
1525 1540 17
1526 1525 20
1526 1527 20
1527 1509 17
1527 1528 21
1527 1526 20
1527 1541 17
1528 1529 21
1528 1527 21
1529 1510 27
1529 1528 21
1529 1542 17
1530 1494 34
1530 1576 34
1531 1578 34
1531 1496 34
1532 1498 34
1532 1580 34
1533 1556 17
1533 1511 17
1534 1513 17
1534 1558 17
1535 1560 17
1535 1515 17
1536 1562 17
1536 1517 17
1537 1564 17
1537 1519 17
1538 1566 17
1538 1521 17
1539 1568 17
1539 1523 17
1540 1570 17
1540 1525 17
1541 1527 17
1541 1572 17
1542 1529 17
1542 1574 17
1543 1651 84
1543 1461 84
1544 1545 42
1544 1360 188
1544 1725 188
1544 1592 152
1544 1475 90
1545 1544 42
1545 1546 42
1546 1662 134
1546 1545 42
1546 1425 134
1546 1547 42
1547 1548 42
1547 1546 42
1548 1547 42
1548 1625 82
1548 1462 82
1549 1550 42
1549 1463 82
1549 1626 82
1550 1549 42
1550 1551 42
1551 1552 42
1551 1550 42
1551 1426 134
1551 1663 134
1552 1551 42
1552 1553 42
1553 1726 188
1553 1552 42
1553 1361 188
1553 1554 70
1554 1553 70
1554 1555 70
1555 1554 70
1555 1362 188
1555 1765 250
1556 1533 17
1556 1557 23
1556 1582 17
1557 1556 23
1557 1558 23
1558 1534 17
1558 1583 17
1558 1559 23
1558 1557 23
1559 1560 23
1559 1558 23
1560 1559 23
1560 1561 23
1560 1584 17
1560 1535 17
1561 1560 23
1561 1562 23
1562 1536 17
1562 1561 23
1562 1563 23
1562 1585 17
1563 1562 23
1563 1564 23
1564 1563 23
1564 1565 20
1564 1537 17
1564 1586 17
1565 1564 20
1565 1566 20
1566 1538 17
1566 1567 20
1566 1587 17
1566 1565 20
1567 1566 20
1567 1568 20
1568 1539 17
1568 1567 20
1568 1569 20
1568 1588 17
1569 1568 20
1569 1570 20
1570 1540 17
1570 1569 20
1570 1571 20
1570 1589 17
1571 1570 20
1571 1572 20
1572 1541 17
1572 1573 21
1572 1571 20
1572 1590 17
1573 1574 21
1573 1572 21
1574 1542 17
1574 1575 21
1574 1573 21
1574 1591 17
1575 1574 21
1575 1576 21
1576 1577 42
1576 1612 34
1576 1530 34
1576 1575 21
1577 1576 42
1577 1578 42
1578 1579 42
1578 1531 34
1578 1577 42
1578 1613 34
1579 1580 42
1579 1578 42
1580 1614 54
1580 1579 42
1580 1532 34
1581 1649 67
1581 1500 67
1582 1593 17
1582 1556 17
1583 1558 17
1583 1595 17
1584 1560 17
1584 1597 17
1585 1562 17
1585 1599 17
1586 1601 17
1586 1564 17
1587 1566 17
1587 1603 17
1588 1605 17
1588 1568 17
1589 1570 17
1589 1607 17
1590 1572 17
1590 1609 17
1591 1611 17
1591 1574 17
1592 1651 152
1592 1544 152
1593 1594 23
1593 1582 17
1593 1615 17
1594 1593 23
1594 1595 23
1595 1594 23
1595 1596 23
1595 1616 17
1595 1583 17
1596 1595 23
1596 1597 23
1597 1584 17
1597 1596 23
1597 1617 17
1597 1598 23
1598 1599 23
1598 1597 23
1599 1585 17
1599 1618 17
1599 1598 23
1599 1600 23
1600 1601 23
1600 1599 23
1601 1586 17
1601 1600 23
1601 1602 20
1601 1619 17
1602 1601 20
1602 1603 20
1603 1602 20
1603 1604 20
1603 1620 17
1603 1587 17
1604 1603 20
1604 1605 20
1605 1606 20
1605 1621 17
1605 1604 20
1605 1588 17
1606 1605 20
1606 1607 20
1607 1589 17
1607 1606 20
1607 1608 20
1607 1622 17
1608 1607 20
1608 1609 20
1609 1590 17
1609 1608 20
1609 1610 21
1609 1623 17
1610 1609 21
1610 1611 21
1611 1591 17
1611 1624 27
1611 1610 21
1612 1576 34
1612 1645 34
1613 1578 34
1613 1647 34
1614 1580 54
1614 1649 54
1615 1627 17
1615 1593 17
1616 1595 17
1616 1629 17
1617 1597 17
1617 1631 17
1618 1599 17
1618 1633 17
1619 1635 17
1619 1601 17
1620 1603 17
1620 1637 17
1621 1605 17
1621 1639 17
1622 1607 17
1622 1641 17
1623 1643 17
1623 1609 17
1624 1611 27
1624 1645 27
1625 1548 82
1625 1686 82
1626 1687 82
1626 1549 82
1627 1652 27
1627 1628 23
1627 1615 17
1628 1627 23
1628 1629 23
1629 1628 23
1629 1653 27
1629 1630 23
1629 1616 17
1630 1629 23
1630 1631 23
1631 1617 17
1631 1632 23
1631 1630 23
1631 1654 27
1632 1631 23
1632 1633 23
1633 1618 17
1633 1632 23
1633 1655 27
1633 1634 23
1634 1633 23
1634 1635 23
1635 1619 17
1635 1656 27
1635 1636 20
1635 1634 23
1636 1635 20
1636 1637 20
1637 1657 27
1637 1638 20
1637 1636 20
1637 1620 17
1638 1637 20
1638 1639 20
1639 1621 17
1639 1638 20
1639 1658 27
1639 1640 20
1640 1641 20
1640 1639 20
1641 1640 20
1641 1659 27
1641 1622 17
1641 1642 20
1642 1643 20
1642 1641 20
1643 1644 42
1643 1623 17
1643 1642 20
1643 1660 27
1644 1643 42
1644 1645 42
1645 1683 53
1645 1644 42
1645 1646 42
1645 1661 34
1645 1612 34
1645 1624 27
1646 1645 42
1646 1647 42
1647 1646 42
1647 1613 34
1647 1648 84
1647 1684 53
1648 1649 84
1648 1647 84
1649 1650 84
1649 1581 67
1649 1648 84
1649 1685 67
1649 1723 105
1649 1614 54
1650 1649 84
1650 1651 84
1651 1724 105
1651 1543 84
1651 1650 84
1651 1592 152
1652 1627 27
1652 1664 27
1653 1629 27
1653 1666 27
1654 1668 27
1654 1631 27
1655 1633 27
1655 1670 27
1656 1672 27
1656 1635 27
1657 1637 27
1657 1674 27
1658 1676 27
1658 1639 27
1659 1678 27
1659 1641 27
1660 1643 27
1660 1680 27
1661 1645 34
1661 1682 34
1662 1546 134
1662 1766 130
1663 1767 130
1663 1551 134
1664 1665 23
1664 1688 26
1664 1652 27
1665 1666 23
1665 1664 23
1666 1667 23
1666 1665 23
1666 1689 26
1666 1653 27
1667 1668 23
1667 1666 23
1668 1667 23
1668 1669 23
1668 1690 26
1668 1654 27
1669 1670 23
1669 1668 23
1670 1671 23
1670 1669 23
1670 1655 27
1670 1691 26
1671 1670 23
1671 1672 23
1672 1656 27
1672 1671 23
1672 1692 26
1672 1673 20
1673 1674 20
1673 1672 20
1674 1675 20
1674 1673 20
1674 1693 26
1674 1657 27
1675 1674 20
1675 1676 20
1676 1658 27
1676 1694 26
1676 1677 20
1676 1675 20
1677 1678 20
1677 1676 20
1678 1679 20
1678 1659 27
1678 1677 20
1678 1695 26
1679 1678 20
1679 1680 20
1680 1681 21
1680 1679 20
1680 1696 26
1680 1660 27
1681 1682 21
1681 1680 21
1682 1681 21
1682 1697 26
1682 1661 34
1683 1718 52
1683 1645 53
1684 1720 52
1684 1647 53
1685 1649 67
1685 1722 67
1686 1727 82
1686 1729 81
1686 1625 82
1687 1728 82
1687 1730 81
1687 1626 82
1688 1698 27
1688 1664 26
1689 1666 26
1689 1700 27
1690 1702 27
1690 1668 26
1691 1704 27
1691 1670 26
1692 1706 27
1692 1672 26
1693 1674 26
1693 1708 27
1694 1710 27
1694 1676 26
1695 1712 27
1695 1678 26
1696 1714 27
1696 1680 26
1697 1682 26
1697 1716 27
1698 1688 27
1698 1699 23
1698 1732 27
1699 1700 23
1699 1698 23
1700 1701 23
1700 1699 23
1700 1733 27
1700 1689 27
1701 1702 23
1701 1700 23
1702 1690 27
1702 1701 23
1702 1703 23
1702 1734 27
1703 1702 23
1703 1704 23
1704 1691 27
1704 1705 23
1704 1735 27
1704 1703 23
1705 1704 23
1705 1706 23
1706 1692 27
1706 1707 20
1706 1705 23
1706 1736 27
1707 1706 20
1707 1708 20
1708 1709 20
1708 1737 27
1708 1707 20
1708 1693 27
1709 1710 20
1709 1708 20
1710 1711 20
1710 1694 27
1710 1709 20
1710 1738 27
1711 1712 20
1711 1710 20
1712 1713 20
1712 1695 27
1712 1711 20
1712 1739 27
1713 1712 20
1713 1714 20
1714 1715 21
1714 1713 20
1714 1696 27
1714 1740 27
1715 1716 21
1715 1714 21
1716 1717 21
1716 1715 21
1716 1697 27
1716 1741 27
1717 1716 21
1717 1718 21
1718 1683 52
1718 1719 42
1718 1717 21
1718 1761 53
1719 1720 42
1719 1718 42
1720 1721 42
1720 1684 52
1720 1719 42
1720 1762 53
1721 1722 42
1721 1720 42
1722 1721 42
1722 1763 53
1722 1685 67
1723 1649 105
1723 1804 105
1724 1806 105
1724 1651 105
1725 1544 188
1725 1854 188
1726 1553 188
1726 1858 188
1727 1686 82
1727 1731 82
1728 1731 82
1728 1687 82
1729 1686 81
1729 1766 81
1730 1687 81
1730 1767 81
1731 1764 42
1731 1727 82
1731 1728 82
1732 1742 27
1732 1698 27
1733 1700 27
1733 1744 27
1734 1746 27
1734 1702 27
1735 1748 27
1735 1704 27
1736 1706 27
1736 1750 27
1737 1752 27
1737 1708 27
1738 1754 27
1738 1710 27
1739 1756 27
1739 1712 27
1740 1758 27
1740 1714 27
1741 1760 27
1741 1716 27
1742 1732 27
1742 1743 23
1742 1768 26
1743 1744 23
1743 1742 23
1744 1743 23
1744 1733 27
1744 1745 23
1744 1769 26
1745 1746 23
1745 1744 23
1746 1734 27
1746 1747 23
1746 1745 23
1746 1770 26
1747 1748 23
1747 1746 23
1748 1735 27
1748 1749 23
1748 1747 23
1748 1771 26
1749 1748 23
1749 1750 23
1750 1751 20
1750 1749 23
1750 1772 26
1750 1736 27
1751 1752 20
1751 1750 20
1752 1753 20
1752 1737 27
1752 1751 20
1752 1773 26
1753 1754 20
1753 1752 20
1754 1755 20
1754 1738 27
1754 1753 20
1754 1774 26
1755 1756 20
1755 1754 20
1756 1757 20
1756 1739 27
1756 1755 20
1756 1775 26
1757 1756 20
1757 1758 20
1758 1759 21
1758 1740 27
1758 1776 26
1758 1757 20
1759 1758 21
1759 1760 21
1760 1741 27
1760 1777 34
1760 1759 21
1761 1798 52
1761 1718 53
1762 1720 53
1762 1800 52
1763 1802 52
1763 1722 53
1764 1807 42
1764 1731 42
1765 1555 250
1765 1961 250
1766 1818 81
1766 1662 130
1766 1778 130
1766 1729 81
1767 1663 130
1767 1779 130
1767 1730 81
1767 1819 81
1768 1742 26
1768 1780 27
1769 1782 27
1769 1744 26
1770 1746 26
1770 1784 27
1771 1748 26
1771 1786 27
1772 1750 26
1772 1788 27
1773 1790 27
1773 1752 26
1774 1792 27
1774 1754 26
1775 1794 27
1775 1756 26
1776 1796 27
1776 1758 26
1777 1760 34
1777 1798 34
1778 1766 130
1778 1807 134
1779 1807 134
1779 1767 130
1780 1768 27
1780 1808 27
1780 1781 23
1781 1782 23
1781 1780 23
1782 1769 27
1782 1783 23
1782 1781 23
1782 1809 27
1783 1782 23
1783 1784 23
1784 1770 27
1784 1810 27
1784 1785 23
1784 1783 23
1785 1786 23
1785 1784 23
1786 1771 27
1786 1785 23
1786 1811 27
1786 1787 23
1787 1788 23
1787 1786 23
1788 1789 20
1788 1772 27
1788 1787 23
1788 1812 27
1789 1790 20
1789 1788 20
1790 1791 20
1790 1773 27
1790 1789 20
1790 1813 27
1791 1790 20
1791 1792 20
1792 1793 20
1792 1774 27
1792 1791 20
1792 1814 27
1793 1794 20
1793 1792 20
1794 1795 20
1794 1775 27
1794 1793 20
1794 1815 27
1795 1794 20
1795 1796 20
1796 1776 27
1796 1795 20
1796 1816 27
1796 1797 42
1797 1796 42
1797 1798 42
1798 1841 53
1798 1817 34
1798 1799 42
1798 1797 42
1798 1777 34
1798 1761 52
1799 1800 42
1799 1798 42
1800 1799 42
1800 1801 42
1800 1842 53
1800 1762 52
1801 1802 42
1801 1800 42
1802 1763 52
1802 1801 42
1802 1843 53
1802 1803 42
1803 1804 42
1803 1802 42
1804 1803 42
1804 1805 84
1804 1884 105
1804 1723 105
1805 1804 84
1805 1806 84
1806 1724 105
1806 1885 105
1806 1820 152
1806 1805 84
1807 1764 42
1807 1778 134
1807 1821 42
1807 1779 134
1808 1822 27
1808 1780 27
1809 1824 27
1809 1782 27
1810 1826 27
1810 1784 27
1811 1786 27
1811 1828 27
1812 1830 27
1812 1788 27
1813 1790 27
1813 1832 27
1814 1834 27
1814 1792 27
1815 1794 27
1815 1836 27
1816 1796 27
1816 1838 27
1817 1798 34
1817 1840 34
1818 1766 81
1818 1854 81
1819 1767 81
1819 1858 81
1820 1806 152
1820 1854 152
1821 1807 42
1821 1856 42
1822 1808 27
1822 1823 23
1822 1844 26
1823 1824 23
1823 1822 23
1824 1809 27
1824 1825 23
1824 1823 23
1824 1845 26
1825 1824 23
1825 1826 23
1826 1810 27
1826 1827 23
1826 1846 26
1826 1825 23
1827 1828 23
1827 1826 23
1828 1829 23
1828 1827 23
1828 1847 26
1828 1811 27
1829 1828 23
1829 1830 23
1830 1831 20
1830 1812 27
1830 1848 26
1830 1829 23
1831 1832 20
1831 1830 20
1832 1833 20
1832 1831 20
1832 1849 26
1832 1813 27
1833 1834 20
1833 1832 20
1834 1835 20
1834 1833 20
1834 1850 26
1834 1814 27
1835 1836 20
1835 1834 20
1836 1835 20
1836 1851 26
1836 1837 20
1836 1815 27
1837 1838 20
1837 1836 20
1838 1839 21
1838 1837 20
1838 1852 26
1838 1816 27
1839 1840 21
1839 1838 21
1840 1839 21
1840 1817 34
1840 1853 26
1841 1879 52
1841 1798 53
1842 1881 52
1842 1800 53
1843 1802 53
1843 1883 52
1844 1822 26
1844 1859 27
1845 1861 27
1845 1824 26
1846 1826 26
1846 1863 27
1847 1828 26
1847 1865 27
1848 1830 26
1848 1867 27
1849 1869 27
1849 1832 26
1850 1834 26
1850 1871 27
1851 1873 27
1851 1836 26
1852 1875 27
1852 1838 26
1853 1840 26
1853 1877 27
1854 1818 81
1854 1725 188
1854 1896 63
1854 1820 152
1854 1855 188
1855 1854 188
1855 1856 188
1856 1855 188
1856 1821 42
1856 1897 63
1856 1857 188
1857 1856 188
1857 1858 188
1858 1898 94
1858 1857 188
1858 1819 81
1858 1726 188
1859 1844 27
1859 1860 23
1859 1886 27
1860 1861 23
1860 1859 23
1861 1862 23
1861 1860 23
1861 1845 27
1861 1887 27
1862 1861 23
1862 1863 23
1863 1888 27
1863 1846 27
1863 1862 23
1863 1864 23
1864 1865 23
1864 1863 23
1865 1866 23
1865 1864 23
1865 1889 27
1865 1847 27
1866 1865 23
1866 1867 23
1867 1868 20
1867 1848 27
1867 1866 23
1867 1890 27
1868 1867 20
1868 1869 20
1869 1849 27
1869 1870 20
1869 1868 20
1869 1891 27
1870 1871 20
1870 1869 20
1871 1872 20
1871 1870 20
1871 1892 27
1871 1850 27
1872 1873 20
1872 1871 20
1873 1851 27
1873 1872 20
1873 1893 27
1873 1874 20
1874 1875 20
1874 1873 20
1875 1876 21
1875 1852 27
1875 1874 20
1875 1894 27
1876 1877 21
1876 1875 21
1877 1878 21
1877 1876 21
1877 1895 27
1877 1853 27
1878 1877 21
1878 1879 21
1879 1841 52
1879 1878 21
1879 1918 53
1879 1880 42
1880 1881 42
1880 1879 42
1881 1882 42
1881 1842 52
1881 1880 42
1881 1919 53
1882 1881 42
1882 1883 42
1883 1920 67
1883 1843 52
1883 1882 42
1884 1953 105
1884 1804 105
1885 1806 105
1885 1955 105
1886 1899 27
1886 1859 27
1887 1901 27
1887 1861 27
1888 1863 27
1888 1903 27
1889 1905 27
1889 1865 27
1890 1907 27
1890 1867 27
1891 1909 27
1891 1869 27
1892 1911 27
1892 1871 27
1893 1913 27
1893 1873 27
1894 1875 27
1894 1915 27
1895 1917 27
1895 1877 27
1896 1957 63
1896 1854 63
1897 1959 63
1897 1856 63
1898 1858 94
1898 1961 94
1899 1900 23
1899 1921 26
1899 1886 27
1900 1899 23
1900 1901 23
1901 1902 23
1901 1922 26
1901 1900 23
1901 1887 27
1902 1901 23
1902 1903 23
1903 1904 23
1903 1902 23
1903 1923 26
1903 1888 27
1904 1903 23
1904 1905 23
1905 1906 23
1905 1904 23
1905 1889 27
1905 1924 26
1906 1905 23
1906 1907 23
1907 1908 20
1907 1906 23
1907 1925 26
1907 1890 27
1908 1909 20
1908 1907 20
1909 1910 20
1909 1908 20
1909 1926 26
1909 1891 27
1910 1909 20
1910 1911 20
1911 1912 20
1911 1892 27
1911 1927 26
1911 1910 20
1912 1913 20
1912 1911 20
1913 1893 27
1913 1912 20
1913 1928 26
1913 1914 20
1914 1915 20
1914 1913 20
1915 1916 21
1915 1914 20
1915 1929 26
1915 1894 27
1916 1917 21
1916 1915 21
1917 1895 27
1917 1916 21
1917 1930 34
1918 1949 52
1918 1879 53
1919 1881 53
1919 1951 52
1920 1883 67
1920 1953 67
1921 1899 26
1921 1931 27
1922 1933 27
1922 1901 26
1923 1935 27
1923 1903 26
1924 1905 26
1924 1937 -100
1925 1907 26
1925 1939 27
1926 1909 26
1926 1941 27
1927 1943 27
1927 1911 26
1928 1913 26
1928 1945 27
1929 1915 26
1929 1947 27
1930 1949 34
1930 1917 34
1931 1921 27
1931 1932 23
1932 1931 23
1932 1933 23
1933 1934 23
1933 1922 27
1933 1932 23
1934 1933 23
1934 1935 23
1935 1936 23
1935 1923 27
1935 1934 23
1936 1935 23
1936 1937 23
1937 1938 23
1937 1936 23
1938 1937 23
1938 1939 23
1939 1940 20
1939 1925 27
1939 1938 23
1940 1941 20
1940 1939 20
1941 1942 20
1941 1940 20
1941 1926 27
1942 1943 20
1942 1941 20
1943 1944 20
1943 1927 27
1943 1942 20
1944 1943 20
1944 1945 20
1945 1946 20
1945 1928 27
1945 1944 20
1946 1945 20
1946 1947 20
1947 1948 42
1947 1946 20
1947 1929 27
1948 1947 42
1948 1949 42
1949 1950 42
1949 1918 52
1949 1948 42
1949 1930 34
1950 1949 42
1950 1951 42
1951 1952 84
1951 1950 42
1951 1919 52
1952 1953 84
1952 1951 84
1953 1884 105
1953 1920 67
1953 1952 84
1953 1954 84
1954 1955 84
1954 1953 84
1955 1885 105
1955 1954 84
1955 1956 146
1956 1955 146
1956 1957 146
1957 1896 63
1957 1956 146
1957 1958 188
1958 1959 188
1958 1957 188
1959 1897 63
1959 1958 188
1959 1960 257
1960 1959 257
1960 1961 257
1961 1960 257
1961 1898 94
1961 1765 250
